48
58
75
104
106
213
241
330
363
394
399
455
553
577
584
