12
24
131
171
186
205
252
338
350
394
484
489
557
581
584
