186
229
