1
24
104
105
128
186
259
300
363
428
481
484
548
549
584
